$ANSIBLE_VAULT;1.1;AES256
31393664633863623232396533656439343236643332663165633262613037303763306463393835
3834333065323535613133336662326239316535326338630a383766626233666438393133656234
66346538393936613361663661303533366336343630323635616333613137383537373335333638
3230353131646164360a633664363237643031613163636330633533396164313665313438353538
36636631316362326430323262663661323661653636363136343761623163643630373564353238
33303634323330386166313132303638313163653533613835363638396434323035323334333361
61643861323364663135633730333332366564623739393964323939376561393866316533323035
34626239653933373164336238613661326130396661646437336366303862356437653834363865
32613933636532333439656465626631343961366335646564643961376436616332303761346639
34646237643835343937666364656231643630373962356137393163353532386636336464386639
34386564383462626435363332363762613538313331386534616465313435386263616139336133
65613736343238323130363239363133653137636266323262373439646634316561393965326239
34643932313366663163353066393837313032336637303163306364343665646334666634636633
36383332336162613135363931636461353465373364386266336265343030653966373632386362
32353062313739613739636336646535336536366265343864633066326464303838336338323738
38343437323964303935
